%YAML:1.0
---
descriptors: !!opencv-matrix
   rows: 99
   cols: 128
   dt: f
   data: [ 92., 1., 0., 19., 111., 6., 1., 64., 139., 28., 0., 0., 1.,
       0., 0., 83., 132., 36., 0., 0., 0., 0., 0., 1., 2., 0., 0., 0.,
       0., 0., 0., 0., 137., 0., 0., 15., 75., 25., 9., 139., 139., 22.,
       0., 0., 0., 0., 2., 119., 139., 50., 0., 0., 0., 0., 0., 18., 23.,
       1., 0., 0., 0., 0., 0., 3., 57., 0., 0., 0., 20., 54., 63., 139.,
       49., 1., 0., 0., 0., 0., 48., 139., 116., 3., 0., 0., 0., 0., 9.,
       99., 24., 1., 0., 0., 0., 0., 0., 5., 1., 0., 0., 0., 1., 8., 70.,
       73., 0., 0., 0., 0., 0., 0., 15., 51., 3., 0., 0., 0., 0., 0., 1.,
       9., 0., 0., 0., 0., 0., 0., 0., 0., 39., 0., 0., 0., 0., 1., 9.,
       121., 79., 0., 0., 0., 0., 8., 41., 121., 8., 0., 0., 0., 0.,
       120., 108., 15., 0., 0., 0., 0., 0., 121., 121., 0., 110., 2., 0.,
       0., 0., 0., 2., 121., 121., 24., 5., 3., 3., 20., 76., 121., 5.,
       4., 5., 14., 49., 121., 81., 20., 5., 5., 1., 1., 9., 64., 37.,
       2., 87., 14., 0., 0., 0., 0., 2., 81., 121., 121., 61., 11., 3.,
       3., 4., 19., 4., 34., 92., 70., 50., 30., 4., 2., 2., 5., 8., 6.,
       12., 21., 18., 2., 5., 2., 0., 0., 0., 4., 40., 44., 14., 33.,
       11., 0., 0., 1., 20., 16., 4., 28., 34., 3., 0., 1., 3., 3., 4.,
       22., 19., 1., 0., 0., 1., 0., 11., 28., 79., 40., 4., 0., 0., 0.,
       15., 91., 117., 6., 0., 0., 1., 3., 2., 34., 124., 16., 4., 1.,
       1., 2., 0., 13., 124., 13., 0., 0., 0., 0., 29., 12., 20., 93.,
       71., 0., 0., 1., 124., 47., 23., 12., 6., 13., 18., 74., 21., 7.,
       32., 34., 102., 108., 25., 27., 1., 9., 105., 47., 42., 30., 6.,
       3., 41., 2., 0., 40., 89., 5., 2., 14., 124., 106., 8., 2., 6.,
       6., 3., 32., 33., 63., 36., 27., 124., 108., 4., 7., 0., 0., 2.,
       14., 71., 100., 19., 4., 11., 0., 0., 2., 39., 10., 5., 27., 56.,
       57., 14., 1., 1., 1., 2., 27., 4., 46., 97., 47., 13., 2., 0., 0.,
       0., 0., 21., 59., 24., 7., 0., 0., 11., 0., 1., 31., 131., 98.,
       9., 5., 131., 1., 0., 1., 9., 4., 1., 56., 130., 18., 18., 4., 0.,
       0., 0., 16., 4., 17., 30., 21., 11., 0., 0., 0., 32., 1., 5.,
       129., 119., 30., 1., 5., 131., 21., 2., 3., 5., 1., 0., 41., 86.,
       35., 30., 3., 0., 0., 0., 8., 6., 18., 11., 48., 32., 0., 0., 0.,
       23., 2., 0., 8., 131., 131., 3., 5., 131., 97., 15., 0., 5., 5.,
       1., 11., 18., 105., 113., 1., 0., 0., 0., 0., 15., 27., 70., 69.,
       14., 0., 0., 4., 5., 0., 1., 66., 131., 23., 2., 10., 38., 10.,
       2., 0., 6., 3., 5., 40., 6., 23., 24., 1., 1., 1., 8., 9., 51.,
       7., 26., 18., 3., 3., 2., 44., 0., 0., 1., 4., 45., 26., 0., 0.,
       133., 25., 0., 0., 41., 53., 0., 1., 152., 40., 0., 0., 0., 1.,
       0., 0., 2., 0., 0., 0., 0., 0., 0., 0., 0., 0., 2., 3., 15., 19.,
       27., 9., 96., 20., 0., 3., 103., 48., 6., 5., 152., 62., 0., 1.,
       7., 1., 0., 9., 29., 2., 0., 0., 0., 0., 0., 0., 3., 2., 0., 2.,
       52., 34., 92., 38., 77., 1., 0., 15., 152., 37., 15., 66., 152.,
       15., 0., 1., 6., 1., 0., 92., 68., 6., 0., 0., 0., 0., 0., 1.,
       35., 24., 0., 1., 58., 37., 11., 11., 31., 0., 0., 3., 82., 66.,
       48., 114., 122., 4., 0., 0., 0., 0., 10., 145., 60., 2., 0., 0.,
       0., 0., 0., 17., 7., 8., 0., 0., 90., 35., 0., 0., 125., 120., 1.,
       0., 4., 3., 0., 0., 49., 60., 15., 10., 23., 10., 0., 0., 32.,
       16., 2., 2., 9., 11., 1., 2., 1., 1., 0., 0., 133., 59., 0., 0.,
       43., 114., 7., 2., 20., 4., 0., 1., 103., 133., 41., 10., 3., 0.,
       0., 45., 66., 9., 4., 5., 15., 18., 6., 73., 0., 0., 0., 0., 133.,
       84., 0., 0., 35., 16., 1., 1., 33., 15., 1., 2., 133., 125., 16.,
       0., 2., 1., 0., 47., 42., 42., 68., 41., 11., 3., 3., 45., 0., 0.,
       0., 1., 133., 83., 0., 0., 3., 6., 1., 4., 45., 10., 0., 0., 65.,
       122., 14., 1., 9., 3., 0., 2., 79., 57., 35., 6., 0., 0., 8., 57.,
       0., 0., 0., 134., 134., 0., 0., 0., 8., 0., 0., 99., 57., 0., 0.,
       4., 134., 1., 0., 4., 4., 0., 0., 94., 59., 1., 0., 16., 15., 0.,
       0., 45., 0., 0., 0., 134., 124., 0., 0., 0., 34., 4., 2., 41.,
       18., 0., 0., 13., 134., 44., 9., 6., 1., 0., 2., 61., 45., 19.,
       13., 19., 9., 0., 2., 34., 1., 0., 2., 82., 37., 0., 0., 0., 78.,
       6., 1., 15., 9., 1., 3., 97., 88., 22., 3., 1., 0., 0., 78., 134.,
       15., 7., 4., 9., 20., 5., 56., 76., 4., 1., 2., 26., 11., 0., 0.,
       3., 134., 27., 1., 6., 3., 0., 4., 66., 87., 93., 34., 2., 0., 1.,
       28., 54., 5., 13., 45., 40., 16., 3., 17., 13., 0., 2., 9., 18.,
       11., 1., 0., 0., 9., 1., 0., 19., 33., 4., 2., 12., 40., 18., 0.,
       0., 2., 2., 33., 136., 11., 44., 23., 0., 0., 10., 108., 59., 0.,
       0., 2., 30., 22., 2., 0., 1., 84., 8., 3., 27., 10., 0., 0., 17.,
       136., 9., 0., 0., 0., 0., 22., 136., 33., 3., 0., 0., 0., 19.,
       136., 71., 0., 0., 0., 10., 56., 52., 9., 0., 88., 38., 3., 10.,
       25., 3., 0., 1., 136., 136., 15., 0., 0., 0., 0., 10., 36., 136.,
       79., 0., 0., 1., 9., 8., 0., 0., 0., 17., 116., 20., 3., 0., 17.,
       20., 1., 8., 36., 1., 0., 18., 43., 136., 14., 0., 0., 0., 20.,
       75., 6., 110., 106., 0., 0., 7., 39., 12., 0., 0., 1., 25., 18.,
       0., 0., 0., 41., 4., 3., 6., 6., 1., 3., 23., 105., 1., 0., 0.,
       0., 0., 41., 150., 4., 0., 0., 0., 0., 9., 150., 65., 0., 1., 5.,
       28., 18., 0., 0., 0., 131., 15., 8., 4., 2., 1., 1., 12., 150.,
       9., 0., 0., 0., 0., 5., 71., 37., 1., 0., 0., 0., 3., 40., 32.,
       2., 1., 2., 18., 30., 10., 1., 0., 122., 33., 4., 3., 2., 0., 0.,
       5., 150., 150., 24., 0., 0., 0., 0., 2., 29., 95., 65., 0., 0.,
       0., 2., 5., 1., 2., 1., 8., 62., 13., 1., 0., 14., 32., 10., 1.,
       2., 0., 0., 2., 25., 150., 47., 0., 0., 0., 1., 11., 7., 133.,
       144., 1., 0., 0., 3., 5., 1., 0., 0., 10., 37., 5., 0., 2., 18.,
       0., 0., 0., 1., 1., 1., 47., 30., 0., 0., 0., 0., 0., 33., 135.,
       4., 1., 0., 0., 0., 11., 135., 87., 3., 3., 2., 21., 9., 0., 0.,
       1., 119., 16., 1., 0., 0., 0., 0., 30., 135., 9., 0., 0., 0., 0.,
       11., 135., 34., 6., 0., 0., 0., 14., 98., 76., 3., 1., 1., 4., 8.,
       0., 0., 1., 134., 27., 1., 0., 0., 0., 0., 6., 135., 135., 34.,
       0., 0., 0., 0., 11., 26., 135., 86., 0., 0., 1., 2., 5., 4., 1.,
       0., 1., 7., 0., 0., 0., 38., 22., 8., 0., 0., 0., 0., 4., 16.,
       111., 88., 1., 0., 0., 0., 0., 0., 135., 135., 0., 0., 0., 0., 0.,
       4., 19., 120., 54., 0., 0., 0., 0., 0., 72., 60., 2., 0., 0., 0.,
       0., 1., 14., 2., 0., 0., 0., 0., 0., 0., 0., 0., 0., 0., 0., 0.,
       0., 0., 26., 94., 106., 25., 9., 1., 0., 35., 137., 97., 2., 0.,
       1., 0., 1., 137., 137., 9., 0., 0., 0., 0., 5., 31., 4., 0., 0.,
       0., 0., 0., 1., 0., 2., 3., 9., 27., 137., 23., 0., 137., 35., 4.,
       0., 5., 32., 7., 26., 137., 109., 3., 0., 0., 0., 0., 28., 52.,
       78., 12., 0., 0., 0., 0., 1., 0., 0., 2., 24., 61., 60., 6., 0.,
       74., 9., 0., 10., 32., 22., 3., 27., 101., 137., 17., 0., 0., 0.,
       0., 10., 37., 132., 13., 0., 0., 0., 0., 3., 14., 0., 0., 11.,
       31., 1., 1., 3., 132., 0., 0., 3., 9., 0., 0., 38., 103., 0., 0.,
       18., 100., 0., 0., 15., 76., 1., 1., 10., 49., 0., 0., 9., 28.,
       4., 1., 12., 32., 0., 0., 3., 132., 35., 5., 8., 14., 0., 0., 39.,
       108., 12., 9., 45., 111., 1., 0., 16., 90., 0., 0., 7., 68., 0.,
       0., 19., 18., 9., 1., 16., 35., 1., 0., 6., 132., 125., 24., 11.,
       6., 0., 10., 60., 78., 37., 45., 45., 14., 1., 27., 94., 74., 1.,
       0., 8., 81., 3., 3., 43., 33., 4., 1., 9., 26., 1., 1., 20., 132.,
       29., 4., 0., 2., 0., 31., 132., 14., 12., 17., 5., 8., 2., 86.,
       132., 21., 1., 4., 24., 96., 6., 8., 28., 60., 108., 5., 1., 8.,
       2., 0., 0., 61., 117., 42., 17., 11., 2., 0., 15., 66., 17., 4.,
       4., 15., 23., 5., 38., 22., 19., 0., 0., 17., 19., 1., 1., 33.,
       36., 3., 2., 29., 11., 0., 2., 121., 107., 18., 1., 1., 1., 0.,
