%YAML:1.0
---
keypoints:
   - [ 89.963958740234375, 69.811836242675781, 48.760829925537109,
       200.96284484863281, 0.020008794963359833, 4850435, -1 ]
   - [ 94.402412414550781, 604.5087890625, 6.0364789962768555,
       59.395046234130859, 0.017994832247495651, 4129536, -1 ]
   - [ 96.061592102050781, 670.684814453125, 3.779259204864502,
       171.30557250976562, 0.016192389652132988, 3670272, -1 ]
   - [ 99.975143432617188, 604.85357666015625, 18.8675537109375,
       167.08320617675781, 0.014015627093613148, 3015170, -1 ]
   - [ 114.83580780029297, 241.32682800292969, 70.507316589355469,
       198.10256958007812, 0.051442936062812805, 14811396, -1 ]
   - [ 131.55140686035156, 448.22616577148438, 28.891813278198242,
       19.608535766601562, 0.022272024303674698, 393475, -1 ]
   - [ 131.55140686035156, 448.22616577148438, 28.891813278198242,
       339.57015991210938, 0.022272024303674698, 393475, -1 ]
   - [ 136.00303649902344, 563.5606689453125, 15.236106872558594,
       345.22189331054688, 0.016023779287934303, 4260098, -1 ]
   - [ 139.35385131835938, 564.203369140625, 11.231627464294434,
       348.84439086914062, 0.016658065840601921, 15598081, -1 ]
   - [ 153.32362365722656, 630.16131591796875, 9.4059362411499023,
       340.72430419921875, 0.013569192960858345, 2753025, -1 ]
   - [ 154.50961303710938, 738.7740478515625, 42.366485595703125,
       148.98893737792969, 0.042563781142234802, 11338243, -1 ]
   - [ 155.73983764648438, 414.45681762695312, 24.455287933349609,
       353.95083618164062, 0.035668961703777313, 5047042, -1 ]
   - [ 160.11492919921875, 484.94674682617188, 29.870349884033203,
       19.814300537109375, 0.035164311528205872, 2818307, -1 ]
   - [ 160.11492919921875, 484.94674682617188, 29.870349884033203,
       337.9591064453125, 0.035164311528205872, 2818307, -1 ]
   - [ 167.83346557617188, 557.33721923828125, 31.198740005493164,
       321.873779296875, 0.037781652063131332, 5964035, -1 ]
   - [ 177.25814819335938, 623.27655029296875, 25.057537078857422,
       279.41140747070312, 0.041604194790124893, 6816514, -1 ]
   - [ 179.1568603515625, 438.91433715820312, 19.522430419921875,
       18.539047241210938, 0.030102191492915154, 5440002, -1 ]
   - [ 183.24903869628906, 648.4005126953125, 15.009017944335938,
       272.58200073242188, 0.017247607931494713, 3145986, -1 ]
   - [ 193.73617553710938, 270.23114013671875, 21.019704818725586,
       261.64889526367188, 0.036872975528240204, 10813954, -1 ]
   - [ 195.68882751464844, 69.9759521484375, 15.39945125579834,
       210.60121154785156, 0.019988330081105232, 5046530, -1 ]
   - [ 198.88572692871094, 141.71768188476562, 55.118537902832031,
       25.115089416503906, 0.056557241827249527, 13697795, -1 ]
   - [ 198.88572692871094, 141.71768188476562, 55.118537902832031,
       222.73646545410156, 0.056557241827249527, 13697795, -1 ]
   - [ 209.171630859375, 494.21759033203125, 16.932878494262695,
       264.10763549804688, 0.027106059715151787, 11862274, -1 ]
   - [ 211.22198486328125, 220.23799133300781, 44.271007537841797,
       30.551719665527344, 0.032073218375444412, 14549507, -1 ]
   - [ 211.88687133789062, 247.38546752929688, 13.822278022766113,
       269.94854736328125, 0.018892232328653336, 13894401, -1 ]
   - [ 213.65901184082031, 299.40560913085938, 25.092477798461914,
       74.64447021484375, 0.034038331359624863, 6882050, -1 ]
   - [ 213.65901184082031, 299.40560913085938, 25.092477798461914,
       227.47087097167969, 0.034038331359624863, 6882050, -1 ]
   - [ 224.203857421875, 512.5484619140625, 22.167392730712891,
       12.621536254882812, 0.032182224094867706, 14680578, -1 ]
   - [ 224.203857421875, 512.5484619140625, 22.167392730712891,
       75.6441650390625, 0.032182224094867706, 14680578, -1 ]
   - [ 224.64158630371094, 63.266021728515625, 25.31596565246582,
       11.402587890625, 0.050198148936033249, 7537410, -1 ]
   - [ 224.64158630371094, 63.266021728515625, 25.31596565246582,
       219.7197265625, 0.050198148936033249, 7537410, -1 ]
   - [ 230.73420715332031, 425.41537475585938, 13.095636367797852,
       0.1019287109375, 0.033195465803146362, 10027777, -1 ]
   - [ 230.73420715332031, 425.41537475585938, 13.095636367797852,
       179.54621887207031, 0.033195465803146362, 10027777, -1 ]
   - [ 236.91273498535156, 555.43951416015625, 33.964607238769531,
       69.033622741699219, 0.028989071026444435, 12124419, -1 ]
   - [ 236.91273498535156, 555.43951416015625, 33.964607238769531,
       267.53936767578125, 0.028989071026444435, 12124419, -1 ]
   - [ 237.44755554199219, 318.90325927734375, 19.20793342590332,
       228.27064514160156, 0.034736759960651398, 4260354, -1 ]
   - [ 239.931396484375, 110.61857604980469, 24.642248153686523,
       349.29898071289062, 0.028002485632896423, 5571330, -1 ]
   - [ 256.13751220703125, 567.7537841796875, 17.395713806152344,
       263.647705078125, 0.028421312570571899, 13828354, -1 ]
   - [ 261.93740844726562, 345.90869140625, 25.785581588745117,
       9.0091323852539062, 0.026740550994873047, 8848130, -1 ]
   - [ 261.93740844726562, 345.90869140625, 25.785581588745117,
       79.50653076171875, 0.026740550994873047, 8848130, -1 ]
   - [ 261.93740844726562, 345.90869140625, 25.785581588745117,
       216.72731018066406, 0.026740550994873047, 8848130, -1 ]
   - [ 264.50119018554688, 590.5472412109375, 24.504484176635742,
       59.327068328857422, 0.034047883003950119, 5178114, -1 ]
   - [ 264.50119018554688, 590.5472412109375, 24.504484176635742,
       263.26275634765625, 0.034047883003950119, 5178114, -1 ]
   - [ 270.2943115234375, 247.72198486328125, 12.879109382629395,
       272.25811767578125, 0.022776162251830101, 8782593, -1 ]
   - [ 280.9434814453125, 760.8209228515625, 20.526668548583984,
       43.799095153808594, 0.01731550320982933, 9110018, -1 ]
   - [ 285.49014282226562, 365.51116943359375, 18.4910888671875,
       217.24226379394531, 0.032630283385515213, 1507842, -1 ]
   - [ 309.11483764648438, 183.92637634277344, 100.31541442871094,
       191.58038330078125, 0.037087906152009964, 6882052, -1 ]
   - [ 309.11483764648438, 183.92637634277344, 100.31541442871094,
       349.49664306640625, 0.037087906152009964, 6882052, -1 ]
   - [ 310.30905151367188, 393.2969970703125, 26.395071029663086,
       11.078453063964844, 0.025642633438110352, 10552066, -1 ]
   - [ 310.30905151367188, 393.2969970703125, 26.395071029663086,
       165.897216796875, 0.025642633438110352, 10552066, -1 ]
   - [ 312.3607177734375, 633.22882080078125, 56.301525115966797,
       209.09024047851562, 0.036442399024963379, 15205123, -1 ]
   - [ 312.3607177734375, 633.22882080078125, 56.301525115966797,
       331.5390625, 0.036442399024963379, 15205123, -1 ]
   - [ 330.02590942382812, 420.74334716796875, 9.7692813873291016,
       178.34628295898438, 0.017382411286234856, 5505537, -1 ]
   - [ 334.38351440429688, 248.79751586914062, 10.792940139770508,
       269.44577026367188, 0.01880715973675251, 12714497, -1 ]
   - [ 334.63015747070312, 365.35736083984375, 19.23280143737793,
       324.03704833984375, 0.03134198859333992, 4391426, -1 ]
   - [ 344.18472290039062, 760.7515869140625, 25.748346328735352,
       134.37644958496094, 0.018557652831077576, 8782594, -1 ]
   - [ 358.36428833007812, 345.0146484375, 26.086322784423828,
       100.22360229492188, 0.026499925181269646, 9700098, -1 ]
   - [ 358.36428833007812, 345.0146484375, 26.086322784423828,
       170.885986328125, 0.026499925181269646, 9700098, -1 ]
   - [ 358.36428833007812, 345.0146484375, 26.086322784423828,
       326.59771728515625, 0.026499925181269646, 9700098, -1 ]
   - [ 358.63699340820312, 657.955322265625, 28.485574722290039,
       186.5654296875, 0.037380784749984741, 16057090, -1 ]
   - [ 358.63699340820312, 657.955322265625, 28.485574722290039,
       260.688720703125, 0.037380784749984741, 16057090, -1 ]
   - [ 358.88128662109375, 243.26750183105469, 17.377082824707031,
       268.37890625, 0.020340265706181526, 13762818, -1 ]
